ev#: 3, rtpchits.getRows() = 0
BANK :: NAME               RTPC::hits , ROWS      0 
             0 : 
             1 : 
             2 : 
             3 : 
             4 : 
             5 : 
             6 : 
ev#: 328, rtpchits.getRows() = 11
BANK :: NAME               RTPC::hits , ROWS     11 
             0 :        5        5        5        5        5        5        5        5        5        5        5 
             1 :    16081    16177    16465    16656    16945    17041       49      240      528      432      817 
             2 : 4740.00000 4714.66357 4478.29297 4294.59766 3828.24390 3748.70117 3304.33569 3221.70386 2683.70264 2581.54224 2104.97510 
             3 : 28.31905 28.56811 32.88204 35.85585 43.01418 43.85096 49.17768 49.18909 54.64822 56.66589 59.67025 
             4 : 11.06109 11.78912 12.69932 13.42375 13.51350 14.37484 15.85435 18.72704 20.92715 18.37274 23.82133 
             5 :  5.00000  2.00000  5.00000 -1.00000  2.00000  3.00000  2.00000  0.00000 -1.00000 -2.00000  2.00000 
             6 : -3317.75195 -3317.75195 -3317.75195 -3317.75195 -3317.75195 -3317.75195 -3317.75195 -3317.75195 -3317.75195 -3317.75195 -3317.75195 
ev#: 404, rtpchits.getRows() = 8
BANK :: NAME               RTPC::hits , ROWS      8 
             0 :        2        2        2        2        2        2        2        2 
             1 :     9071     8976     9072     9168     9073     9167     8688     8593 
             2 : 4740.00000 4738.30176 4686.27197 4674.71826 4672.75049 4668.20752 4612.53125 4234.04053 
             3 : -17.29227 -18.20109 -18.73957 -18.15039 -19.09749 -18.32099 -24.01555 -33.57401 
             4 : -25.00587 -24.39469 -25.26791 -25.96630 -25.32517 -25.99891 -22.41755 -20.30395 
             5 : -4.00000 -1.00000  0.00000  1.00000  4.00000 -3.00000  0.00000  3.00000 
             6 : 1258.79480 1258.79480 1258.79480 1258.79480 1258.79480 1258.79480 1258.79480 1258.79480 
ev#: 1084, rtpchits.getRows() = 6
BANK :: NAME               RTPC::hits , ROWS      6 
             0 :       15       15       15       15       15       15 
             1 :    10896    10705    10991    10704    11185    11089 
             2 : 4740.00000 4710.83496 4615.82422 4613.85693 4420.14160 4327.46387 
             3 :  1.76865 -0.92486  0.64793 -2.82093 -0.26589 -3.09883 
             4 : -30.35108 -30.96642 -32.78521 -32.70663 -36.23715 -37.63345 
             5 : -1.00000  5.00000 -4.00000  1.00000  2.00000  5.00000 
             6 : 2284.17969 2284.17969 2284.17969 2284.17969 2284.17969 2284.17969 
ev#: 1128, rtpchits.getRows() = 6
BANK :: NAME               RTPC::hits , ROWS      6 
             0 :        2        2        2        2        2        2 
             1 :    13104    13392    13201    13297    13490    13008 
             2 : 4740.00000 4698.29639 4403.21191 4211.84912 4203.23193 3806.19751 
             3 : 23.06135 25.21415 24.03085 24.73576 26.82581 19.23500 
             4 : -19.81137 -18.41919 -27.50097 -30.89639 -29.27964 -41.10539 
             5 : -2.00000  1.00000  3.00000  4.00000  6.00000  1.00000 
             6 : -4692.92578 -4692.92578 -4692.92578 -4692.92578 -4692.92578 -4692.92578 
ev#: 1452, rtpchits.getRows() = 6
BANK :: NAME               RTPC::hits , ROWS      6 
             0 :        5        5        5        5        5        5 
             1 :    11281    11663    11566    11566    11568    11568 
             2 : 4740.00000 4374.68066 4285.95068 4285.95068 3891.99561 3891.99561 
             3 :  5.97550  5.42594  2.89860  2.89860 -2.68351 -2.68351 
             4 : -29.80956 -36.59279 -38.31383 -38.31383 -44.13755 -44.13755 
             5 :  3.00000 -5.00000 -10.00000 -10.00000 -2.00000 -2.00000 
             6 : 3668.12012 3668.12012 3668.12012 3668.12012 3668.12012 3668.12012 

