ev#: 3, rtpchits.getRows() = 0
BANK :: NAME               RTPC::hits , ROWS      0 
             0 : 
             1 : 
             2 : 
             3 : 
             4 : 
             5 : 
             6 : 
ev#: 69, rtpchits.getRows() = 7
BANK :: NAME               RTPC::hits , ROWS      7 
             0 :        3        3        3        3        3        3        3 
             1 :     8207     7922     8112     8112     8208     8208     7823 
             2 : 4740.00000 4733.32959 4731.98584 4731.98584 4540.28223 4540.28223 4347.84082 
             3 : -24.17317 -26.14878 -25.02185 -25.02185 -29.32804 -29.32804 -35.64354 
             4 : -18.43839 -15.76919 -17.54897 -17.54897 -17.52142 -17.52142 -11.42993 
             5 : -5.00000  8.00000 -2.00000 -2.00000 -1.00000 -1.00000 -5.00000 
             6 : 874.60828 874.60828 874.60828 874.60828 874.60828 874.60828 874.60828 
ev#: 166, rtpchits.getRows() = 12
BANK :: NAME               RTPC::hits , ROWS     12 
             0 :       12       12       12       12       12       12       12       12       12       12       12       12 
             1 :     4944     4463     4657     4657     4656     4656     4848     4848     4752     4752     4945     4945 
             2 : 4740.00000 4527.19385 4442.15283 4442.15283 4441.95215 4441.95215 4438.01758 4438.01758 4303.75146 4303.75146 4232.16357 4232.16357 
             3 : -26.15120 -23.22799 -24.98346 -24.98346 -24.98347 -24.98347 -26.72452 -26.72452 -25.88338 -25.88338 -27.82385 -27.82385 
             4 : 15.50583 25.36746 25.73455 25.73455 25.73928 25.73928 24.02639 24.02639 28.01357 28.01357 27.70523 27.70523 
             5 :  1.00000 -4.00000  2.00000  2.00000 -2.00000 -2.00000  0.00000  0.00000 -1.00000 -1.00000  5.00000  5.00000 
             6 : -2062.50049 -2062.50049 -2062.50049 -2062.50049 -2062.50049 -2062.50049 -2062.50049 -2062.50049 -2062.50049 -2062.50049 -2062.50049 -2062.50049 
ev#: 403, rtpchits.getRows() = 8
BANK :: NAME               RTPC::hits , ROWS      8 
             0 :        2        2        2        2        2        2        2        2 
             1 :     8785     8977     9168     9359     9456     9552     9647     9840 
             2 : 4740.00000 4633.66113 4520.02637 4426.70361 4260.22900 4072.87939 3907.05396 3484.10986 
             3 : -19.81137 -20.99510 -22.06295 -22.36710 -25.09083 -27.96363 -30.13800 -35.46917 
             4 : -23.06135 -24.75498 -26.55160 -28.37140 -29.63232 -30.87783 -32.07363 -34.54233 
             5 :  5.00000  3.00000  1.00000 -5.00000  0.00000  1.00000 -6.00000  0.00000 
             6 : 1254.10522 1254.10522 1254.10522 1254.10522 1254.10522 1254.10522 1254.10522 1254.10522 
ev#: 427, rtpchits.getRows() = 6
BANK :: NAME               RTPC::hits , ROWS      6 
             0 :       16       16       16       16       16       16 
             1 :    14833    14159    14447    14254    14543    14543 
             2 : 4740.00000 4584.88721 4578.74756 4270.58398 4165.92480 4165.92480 
             3 : 30.30185 30.51785 31.83210 33.47772 36.11074 36.11074 
             4 : -2.47261 -13.47457 -10.34818 -19.34624 -17.84082 -17.84082 
             5 :  4.00000 -3.00000 -4.00000 -10.00000 -3.00000 -3.00000 
             6 : 1518.10449 1518.10449 1518.10449 1518.10449 1518.10449 1518.10449 
ev#: 905, rtpchits.getRows() = 6
BANK :: NAME               RTPC::hits , ROWS      6 
             0 :        5        5        5        5        5        5 
             1 :    15600    16079    15887    15887    15983    15983 
             2 : 4740.00000 4629.34424 4470.61084 4470.61084 4156.11328 4156.11328 
             3 : 29.80956 31.02367 34.95451 34.95451 40.34976 40.34976 
             4 :  5.97550  9.81753  5.47933  5.47933  2.47101  2.47101 
             5 :  0.00000 -3.00000 -5.00000 -5.00000 -4.00000 -4.00000 
             6 : 1736.32544 1736.32544 1736.32544 1736.32544 1736.32544 1736.32544 

