ev#: 3, rtpchits.getRows() = 0
BANK :: NAME               RTPC::hits , ROWS      0 
             0 : 
             1 : 
             2 : 
             3 : 
             4 : 
             5 : 
             6 : 
ev#: 939, rtpchits.getRows() = 15
BANK :: NAME               RTPC::hits , ROWS     15 
             0 :        3        3        3        3        3        3        3        3        3        3        3        3        3        3        3 
             1 :    13680    13777    13873    13969    13967    14257    14064    14066    14162    14161    14160    14258    14256    14353    14354 
             2 : 4740.00000 4705.59229 4429.21826 4228.38184 4038.01318 3976.22827 3807.38379 3750.80469 3570.43140 3388.59888 3136.37524 2727.49121 2509.34912 1945.68127 1577.14136 
             3 : 26.67642 27.47140 29.85062 31.42159 31.90100 34.83126 33.23159 33.27763 34.52335 34.52760 34.33146 35.25650 34.83358 35.31109 34.26877 
             4 : -14.58372 -14.54205 -20.27577 -23.64377 -27.57031 -25.29224 -30.88459 -31.93093 -33.97679 -37.08371 -41.17479 -46.13149 -49.22373 -55.45080 -59.96156 
             5 :  0.00000  5.00000  2.00000  3.00000 -5.00000  2.00000  0.00000  8.00000  9.00000  5.00000  1.00000  6.00000 -2.00000  3.00000  7.00000 
             6 : 322.97247 322.97247 322.97247 322.97247 322.97247 322.97247 322.97247 322.97247 322.97247 322.97247 322.97247 322.97247 322.97247 322.97247 322.97247 
ev#: 1417, rtpchits.getRows() = 6
BANK :: NAME               RTPC::hits , ROWS      6 
             0 :        6        6        6        6        6        6 
             1 :    15888    15791    15695    15599    15792    15793 
             2 : 4740.00000 4239.95117 4012.05591 3910.86401 3898.72583 3358.89844 
             3 : 29.02165 39.13435 42.35301 43.39936 43.93328 49.62843 
             4 :  9.05871  0.88365 -3.94679 -6.99137 -4.12408 -11.85269 
             5 : -1.00000 -6.00000 -3.00000 -4.00000 -2.00000  2.00000 
             6 : 3052.36719 3052.36719 3052.36719 3052.36719 3052.36719 3052.36719 
ev#: 1713, rtpchits.getRows() = 8
BANK :: NAME               RTPC::hits , ROWS      8 
             0 :        5        5        5        5        5        5        5        5 
             1 :    10225    10705    10417    10417    10607    10607    10801    10801 
             2 : 4740.00000 4566.20312 4557.95410 4557.95410 4092.82373 4092.82373 3831.96704 3831.96704 
             3 : -5.62647 -3.74719 -7.40003 -7.40003 -13.99445 -13.99445 -15.77016 -15.77016 
             4 : -29.87740 -33.48997 -33.02859 -33.02859 -38.92701 -38.92701 -42.18542 -42.18542 
             5 :  4.00000  5.00000  2.00000  2.00000 -4.00000 -4.00000  2.00000  2.00000 
             6 : 1562.09705 1562.09705 1562.09705 1562.09705 1562.09705 1562.09705 1562.09705 1562.09705 
ev#: 1719, rtpchits.getRows() = 6
BANK :: NAME               RTPC::hits , ROWS      6 
             0 :        6        6        6        6        6        6 
             1 :    12913    13009    13103    13488    13392    13392 
             2 : 4740.00000 4232.84229 4053.13379 4017.33350 3901.33252 3901.33252 
             3 : 21.62320 21.45838 21.88746 26.59167 25.08876 25.08876 
             4 : -21.37179 -32.87034 -35.78199 -33.10319 -36.25640 -36.25640 
             5 :  4.00000  5.00000 -6.00000 -2.00000  1.00000  1.00000 
             6 : 2270.64917 2270.64917 2270.64917 2270.64917 2270.64917 2270.64917 
ev#: 2038, rtpchits.getRows() = 6
BANK :: NAME               RTPC::hits , ROWS      6 
             0 :        5        5        5        5        5        5 
             1 :    15023    14448    14832    14447    14737    14737 
             2 : 4740.00000 4371.66553 4146.05420 4133.48633 3859.56543 3859.56543 
             3 : 30.40052 33.93391 37.95621 35.66718 39.42240 39.42240 
             4 : -0.35284 -14.85359 -14.34451 -19.73757 -20.99113 -20.99113 
             5 : -6.00000  0.00000  0.00000 -4.00000  3.00000  3.00000 
             6 : 1244.76575 1244.76575 1244.76575 1244.76575 1244.76575 1244.76575 

